
----------
	estado 1
----------
----------------------------------------------------
	pun	desX	desY	reaX	reaY
----------------------------------------------------
	1	0,0000e+00	0,0000e+00	0,0000e+00	9,0000e+03
	2	-2,0000e-06	-8,5856e-06		
	3	-1,5858e-06	4,1422e-07		
	4	4,1422e-07	0,0000e+00		1,0000e+03
------------------------------------------
	lín	punIni	punFin	axi	nor
------------------------------------------
	1	1	2	-8,5858e+03	-1,8030e+06
	2	2	3	4,1423e+02	8,6986e+04
	3	3	4	4,1423e+02	8,6986e+04
	4	4	1	4,1423e+02	8,6986e+04
	6	3	1	-5,8581e+02	-1,2302e+05
